citiesList = [
[20 55]
[40 60]
[30 30]
[15 35]
[15 15]
[45 5]
[70 10]
[70 30]
[80 60]
[62 45]
[20 55]
];
